9 244 9 198 0 196 0 124 33 106 60 178 205 179 205 272 178 293 150 
7 5 361 5 360 4 360 1 359 0 362 0 363 2 364 
9 360 162 298 173 287 187 282 242 308 272 308 272 322 278 383 261 399 224 
9 225 374 223 371 223 371 212 368 209 368 205 370 197 384 207 398 227 391 
8 168 0 132 9 95 42 223 173 244 155 245 153 256 138 263 121 
7 326 140 231 139 190 165 154 263 346 355 370 333 398 269 
6 244 304 224 289 149 366 157 379 230 392 256 359 
5 61 183 58 177 45 165 33 225 37 224 
8 319 274 316 257 174 180 171 181 168 182 118 220 104 244 295 358 
4 0 201 1 213 3 220 89 228 
9 154 364 153 363 153 363 146 351 110 348 104 352 118 398 126 399 131 399 
5 132 146 8 259 48 365 109 397 223 363 
9 285 182 275 183 253 188 238 194 189 247 181 307 258 395 375 358 382 348 
3 359 106 216 390 283 380 
9 262 181 256 190 280 295 308 306 343 305 385 276 386 275 391 266 397 248 
9 377 112 309 79 305 79 283 82 250 248 253 250 301 266 375 236 381 229 
2 275 300 212 396 
3 59 280 9 320 63 304 
3 306 252 313 317 314 307 
8 26 12 25 11 3 5 0 17 2 23 13 28 14 28 17 27 
9 152 91 133 55 109 36 74 29 38 39 16 59 0 117 19 157 60 181 
5 302 4 289 1 178 61 206 182 372 123 
8 113 1 97 12 90 22 90 23 88 42 146 68 148 66 160 49 
6 391 103 388 100 376 95 350 105 344 121 398 133 
9 394 41 390 32 365 6 358 3 351 1 292 20 281 38 342 118 395 72 
4 397 113 397 113 396 114 399 115 
6 130 18 121 9 113 4 101 0 98 0 80 98 
3 399 191 396 188 392 196 
9 187 385 182 384 179 385 176 387 179 399 181 399 182 399 182 399 186 399 
6 83 379 79 381 75 390 78 396 90 398 95 392 
