3 244 86 114 11 114 161 
9 400 320 391 298 370 286 346 290 331 308 331 333 346 351 370 355 391 343 
3 400 288 260 208 260 369 
3 339 148 116 19 116 277 
7 224 19 217 4 201 0 188 10 188 27 201 37 217 34 
6 367 113 310 15 197 15 141 113 197 211 310 211 
9 249 393 247 389 243 387 239 387 236 391 236 395 239 399 243 399 247 397 
10 109 78 99 46 71 26 37 26 10 46 0 78 10 110 37 130 71 130 99 110 
10 212 348 202 317 176 298 144 298 118 317 108 348 118 378 144 397 176 397 202 378 
6 400 312 399 312 399 312 399 312 399 313 399 313 
7 400 154 375 104 321 92 277 127 277 182 321 217 375 205 
5 400 190 299 52 137 105 137 275 299 328 
3 400 282 383 273 383 292 
9 302 92 281 32 226 1 164 12 124 60 124 123 164 171 226 182 281 151 
2 400 286 313 286 
6 355 32 339 4 306 4 290 32 306 60 339 60 
4 400 189 379 169 359 189 379 209 
3 153 134 38 68 38 201 
10 165 374 160 359 147 349 131 349 118 359 113 374 118 389 131 398 147 398 160 389 
7 208 374 198 355 177 350 160 363 160 385 177 399 198 394 
8 400 39 396 30 388 27 379 30 376 39 379 47 388 50 396 47 
8 213 184 182 108 106 77 31 108 0 184 31 259 106 290 182 259 
9 400 194 377 133 320 100 256 111 213 162 213 227 256 278 320 289 377 256 
4 228 384 212 368 196 384 212 400 
2 400 27 345 27 
8 218 104 187 30 113 0 39 30 9 104 39 178 113 209 187 178 
8 266 124 229 36 141 0 53 36 16 124 53 213 141 249 229 213 
8 224 47 209 14 176 0 142 14 128 47 142 81 176 95 209 81 
7 223 308 189 236 111 219 49 268 49 348 111 397 189 380 
4 265 125 140 0 14 125 140 250 
