47 47 
0 171 369 32000 32000 32000 32000 32000 32000 32000 32000 208 32000 32000 142 32000 32000 32000 32000 32000 264 32000 32000 32000 32000 251 32000 149 32000 32000 32000 32000 32000 32000 32000 32000 32000 32000 32000 32000 242 240 191 32000 32000 32000 32000 
171 0 294 32000 32000 32000 32000 32000 32000 32000 32000 32000 32000 32000 32000 32000 353 32000 32000 32000 32000 32000 32000 32000 32000 32000 32000 76 32000 32000 32000 32000 32000 32000 32000 32000 32000 32000 32000 32000 317 32000 166 32000 32000 32000 32000 
369 294 0 32000 32000 32000 32000 32000 32000 32000 32000 32000 32000 32000 32000 32000 166 32000 32000 32000 228 32000 32000 32000 32000 32000 219 218 32000 32000 32000 32000 32000 32000 32000 32000 32000 32000 32000 32000 32000 32000 32000 32000 32000 32000 32000 
32000 32000 32000 0 32000 32000 32000 32000 229 32000 32000 32000 32000 32000 32000 32000 32000 32000 32000 32000 32000 32000 32000 32000 32000 115 32000 32000 32000 32000 32000 32000 32000 97 32000 32000 67 32000 32000 32000 32000 137 32000 122 32000 32000 32000 
32000 32000 32000 32000 0 32000 32000 32000 89 32000 32000 317 272 32000 32000 32000 32000 32000 251 32000 32000 32000 32000 32000 32000 401 32000 32000 32000 32000 32000 32000 32000 32000 32000 32000 32000 217 32000 32000 32000 368 32000 32000 32000 32000 32000 
32000 32000 32000 32000 32000 0 32000 32000 32000 32000 32000 32000 32000 32000 32000 101 32000 32000 32000 32000 32000 32000 156 32000 32000 32000 32000 32000 32000 32000 32000 32000 32000 32000 32000 32000 32000 32000 32000 99 32000 32000 32000 32000 32000 32000 32000 
32000 32000 32000 32000 32000 32000 0 32000 32000 32000 32000 32000 32000 32000 32000 32000 32000 32000 32000 32000 32000 32000 32000 32000 32000 32000 32000 32000 32000 32000 32000 158 32000 32000 119 107 32000 32000 32000 32000 32000 32000 32000 32000 66 32000 32000 
32000 32000 32000 32000 32000 32000 32000 0 32000 32000 32000 32000 32000 32000 32000 32000 32000 238 32000 32000 32000 201 32000 114 32000 237 32000 32000 32000 32000 86 32000 32000 32000 32000 157 197 32000 141 32000 32000 32000 32000 123 114 32000 32000 
32000 32000 32000 229 89 32000 32000 32000 0 32000 32000 325 319 32000 32000 32000 32000 32000 32000 32000 32000 32000 32000 32000 32000 297 32000 32000 32000 32000 32000 32000 32000 210 32000 32000 32000 264 32000 32000 32000 264 32000 32000 32000 32000 32000 
32000 32000 32000 32000 32000 32000 32000 32000 32000 0 32000 32000 32000 32000 32000 32000 32000 32000 219 32000 32000 32000 32000 32000 32000 32000 265 32000 32000 32000 32000 32000 32000 32000 32000 32000 32000 125 32000 32000 32000 32000 32000 32000 32000 32000 32000 
32000 32000 32000 32000 32000 32000 32000 32000 32000 32000 0 32000 32000 32000 305 32000 32000 32000 32000 32000 32000 32000 32000 32000 32000 32000 32000 32000 32000 32000 32000 32000 32000 32000 32000 32000 32000 32000 32000 187 152 32000 65 32000 32000 32000 283 
208 32000 32000 32000 317 32000 32000 32000 325 32000 32000 0 201 32000 244 32000 32000 32000 32000 32000 179 32000 32000 32000 32000 190 32000 32000 32000 32000 32000 32000 32000 32000 32000 32000 32000 32000 32000 32000 32000 119 32000 32000 32000 32000 32000 
32000 32000 32000 32000 272 32000 32000 32000 319 32000 32000 201 0 32000 32000 32000 166 32000 32000 32000 104 32000 32000 32000 32000 400 187 32000 32000 32000 32000 32000 32000 32000 32000 32000 32000 138 32000 32000 32000 32000 32000 32000 32000 32000 32000 
32000 32000 32000 32000 32000 32000 32000 32000 32000 32000 32000 32000 32000 0 32000 32000 32000 32000 32000 32000 32000 32000 32000 32000 98 32000 32000 32000 175 340 32000 32000 121 32000 32000 32000 32000 32000 32000 32000 32000 32000 32000 32000 32000 32000 32000 
142 32000 32000 32000 32000 32000 32000 32000 32000 32000 305 244 32000 32000 0 32000 32000 186 32000 32000 32000 32000 32000 32000 32000 167 32000 32000 32000 32000 32000 32000 32000 32000 32000 32000 32000 32000 32000 32000 153 187 220 32000 32000 32000 32000 
32000 32000 32000 32000 32000 101 32000 32000 32000 32000 32000 32000 32000 32000 32000 0 32000 32000 32000 32000 32000 32000 256 32000 32000 32000 32000 32000 32000 32000 32000 538 32000 32000 32000 32000 32000 32000 32000 32000 32000 32000 32000 32000 32000 32000 32000 
32000 353 166 32000 32000 32000 32000 32000 32000 32000 32000 32000 166 32000 32000 32000 0 32000 32000 32000 99 32000 32000 32000 32000 32000 129 278 32000 32000 32000 32000 32000 32000 32000 32000 32000 256 32000 32000 32000 32000 32000 32000 32000 32000 32000 
32000 32000 32000 32000 32000 32000 32000 238 32000 32000 32000 32000 32000 32000 186 32000 32000 0 32000 32000 32000 32000 32000 32000 32000 58 32000 32000 32000 32000 32000 32000 32000 32000 32000 32000 145 32000 173 32000 244 129 32000 32000 32000 32000 267 
32000 32000 32000 32000 251 32000 32000 32000 32000 219 32000 32000 32000 32000 32000 32000 32000 32000 0 32000 32000 32000 32000 32000 32000 32000 32000 32000 32000 32000 32000 32000 32000 32000 32000 32000 32000 94 32000 32000 32000 32000 32000 32000 32000 32000 32000 
32000 32000 32000 32000 32000 32000 32000 32000 32000 32000 32000 32000 32000 32000 32000 32000 32000 32000 32000 0 32000 32000 118 244 32000 32000 32000 32000 32000 32000 32000 164 32000 32000 32000 32000 32000 32000 32000 32000 32000 32000 32000 32000 32000 32000 72 
264 32000 228 32000 32000 32000 32000 32000 32000 32000 32000 179 104 32000 32000 32000 99 32000 32000 32000 0 32000 32000 32000 32000 335 209 340 32000 32000 32000 32000 32000 32000 32000 32000 32000 32000 32000 32000 32000 32000 32000 32000 32000 32000 32000 
32000 32000 32000 32000 32000 32000 32000 201 32000 32000 32000 32000 32000 32000 32000 32000 32000 32000 32000 32000 32000 0 32000 32000 236 32000 32000 32000 271 118 130 32000 32000 32000 32000 294 32000 32000 32000 32000 32000 32000 32000 135 32000 135 32000 
32000 32000 32000 32000 32000 156 32000 32000 32000 32000 32000 32000 32000 32000 32000 256 32000 32000 32000 118 32000 32000 0 32000 32000 32000 32000 32000 32000 32000 32000 32000 32000 32000 32000 32000 32000 32000 32000 92 319 32000 32000 32000 32000 32000 140 
32000 32000 32000 32000 32000 32000 32000 114 32000 32000 32000 32000 32000 32000 32000 32000 32000 32000 32000 244 32000 32000 32000 0 32000 32000 32000 32000 32000 32000 32000 89 32000 32000 169 32000 32000 32000 105 32000 32000 32000 32000 32000 86 32000 172 
32000 32000 32000 32000 32000 32000 32000 32000 32000 32000 32000 32000 32000 98 32000 32000 32000 32000 32000 32000 32000 236 32000 32000 0 32000 32000 32000 95 242 32000 32000 148 32000 32000 32000 32000 32000 32000 32000 32000 32000 32000 32000 32000 313 32000 
251 32000 32000 115 401 32000 32000 237 297 32000 32000 190 400 32000 167 32000 32000 58 32000 32000 335 32000 32000 32000 32000 0 32000 32000 32000 32000 32000 32000 32000 32000 32000 32000 87 32000 231 32000 32000 71 352 194 32000 32000 32000 
32000 32000 219 32000 32000 32000 32000 32000 32000 265 32000 32000 187 32000 32000 32000 129 32000 32000 32000 209 32000 32000 32000 32000 32000 0 32000 32000 32000 32000 32000 32000 32000 32000 32000 32000 219 32000 32000 32000 32000 32000 32000 32000 32000 32000 
149 76 218 32000 32000 32000 32000 32000 32000 32000 32000 32000 32000 32000 32000 32000 278 32000 32000 32000 340 32000 32000 32000 32000 32000 32000 0 32000 32000 32000 32000 32000 32000 32000 32000 32000 32000 32000 32000 32000 32000 32000 32000 32000 32000 32000 
32000 32000 32000 32000 32000 32000 32000 32000 32000 32000 32000 32000 32000 175 32000 32000 32000 32000 32000 32000 32000 271 32000 32000 95 32000 32000 32000 0 32000 32000 32000 102 32000 32000 32000 32000 32000 32000 32000 32000 32000 32000 32000 32000 284 32000 
32000 32000 32000 32000 32000 32000 32000 32000 32000 32000 32000 32000 32000 340 32000 32000 32000 32000 32000 32000 32000 118 32000 32000 242 32000 32000 32000 32000 0 32000 32000 32000 32000 32000 206 32000 32000 32000 32000 32000 32000 32000 32000 32000 32000 32000 
32000 32000 32000 32000 32000 32000 32000 86 32000 32000 32000 32000 32000 32000 32000 32000 32000 32000 32000 32000 32000 130 32000 32000 32000 32000 32000 32000 32000 32000 0 32000 32000 32000 32000 202 32000 32000 213 32000 32000 32000 32000 48 32000 143 32000 
32000 32000 32000 32000 32000 32000 158 32000 32000 32000 32000 32000 32000 32000 32000 538 32000 32000 32000 164 32000 32000 32000 89 32000 32000 32000 32000 32000 32000 32000 0 32000 32000 92 32000 32000 32000 32000 32000 32000 32000 32000 32000 93 32000 175 
32000 32000 32000 32000 32000 32000 32000 32000 32000 32000 32000 32000 32000 121 32000 32000 32000 32000 32000 32000 32000 32000 32000 32000 148 32000 32000 32000 102 32000 32000 32000 0 32000 32000 32000 32000 32000 32000 32000 32000 32000 32000 32000 32000 32000 32000 
32000 32000 32000 97 32000 32000 32000 32000 210 32000 32000 32000 32000 32000 32000 32000 32000 32000 32000 32000 32000 32000 32000 32000 32000 32000 32000 32000 32000 32000 32000 32000 32000 0 32000 32000 164 32000 32000 32000 32000 32000 32000 116 32000 62 32000 
32000 32000 32000 32000 32000 32000 119 32000 32000 32000 32000 32000 32000 32000 32000 32000 32000 32000 32000 32000 32000 32000 32000 169 32000 32000 32000 32000 32000 32000 32000 92 32000 32000 0 32000 32000 32000 32000 32000 32000 32000 32000 32000 118 32000 32000 
32000 32000 32000 32000 32000 32000 107 157 32000 32000 32000 32000 32000 32000 32000 32000 32000 32000 32000 32000 32000 294 32000 32000 32000 32000 32000 32000 32000 206 202 32000 32000 32000 32000 0 32000 32000 32000 32000 32000 32000 32000 32000 174 32000 32000 
32000 32000 32000 67 32000 32000 32000 197 32000 32000 32000 32000 32000 32000 32000 32000 32000 145 32000 32000 32000 32000 32000 32000 32000 87 32000 32000 32000 32000 32000 32000 32000 164 32000 32000 0 32000 194 32000 32000 32000 32000 112 32000 182 32000 
32000 32000 32000 32000 217 32000 32000 32000 264 125 32000 32000 138 32000 32000 32000 256 32000 94 32000 32000 32000 32000 32000 32000 32000 219 32000 32000 32000 32000 32000 32000 32000 32000 32000 32000 0 32000 32000 32000 32000 32000 32000 32000 32000 32000 
32000 32000 32000 32000 32000 32000 32000 141 32000 32000 32000 32000 32000 32000 32000 32000 32000 173 32000 32000 32000 32000 32000 105 32000 231 32000 32000 32000 32000 213 32000 32000 32000 32000 32000 194 32000 0 32000 231 32000 32000 211 32000 32000 157 
32000 32000 32000 32000 32000 99 32000 32000 32000 32000 187 32000 32000 32000 32000 32000 32000 32000 32000 32000 32000 32000 92 32000 32000 32000 32000 32000 32000 32000 32000 32000 32000 32000 32000 32000 32000 32000 32000 0 311 32000 32000 32000 32000 32000 32000 
242 317 32000 32000 32000 32000 32000 32000 32000 32000 152 32000 32000 32000 153 32000 32000 244 32000 32000 32000 32000 319 32000 32000 32000 32000 32000 32000 32000 32000 32000 32000 32000 32000 32000 32000 32000 231 311 0 32000 145 32000 32000 32000 181 
240 32000 32000 137 368 32000 32000 32000 264 32000 32000 119 32000 32000 187 32000 32000 129 32000 32000 32000 32000 32000 32000 32000 71 32000 32000 32000 32000 32000 32000 32000 32000 32000 32000 32000 32000 32000 32000 32000 0 372 32000 32000 32000 32000 
191 166 32000 32000 32000 32000 32000 32000 32000 32000 65 32000 32000 32000 220 32000 32000 32000 32000 32000 32000 32000 32000 32000 32000 352 32000 32000 32000 32000 32000 32000 32000 32000 32000 32000 32000 32000 32000 32000 145 372 0 32000 32000 32000 32000 
32000 32000 32000 122 32000 32000 32000 123 32000 32000 32000 32000 32000 32000 32000 32000 32000 32000 32000 32000 32000 135 32000 32000 32000 194 32000 32000 32000 32000 48 32000 32000 116 32000 32000 112 32000 211 32000 32000 32000 32000 0 32000 96 32000 
32000 32000 32000 32000 32000 32000 66 114 32000 32000 32000 32000 32000 32000 32000 32000 32000 32000 32000 32000 32000 32000 32000 86 32000 32000 32000 32000 32000 32000 32000 93 32000 32000 118 174 32000 32000 32000 32000 32000 32000 32000 32000 0 32000 32000 
32000 32000 32000 32000 32000 32000 32000 32000 32000 32000 32000 32000 32000 32000 32000 32000 32000 32000 32000 32000 32000 135 32000 32000 313 32000 32000 32000 284 32000 143 32000 32000 62 32000 32000 182 32000 32000 32000 32000 32000 32000 96 32000 0 32000 
32000 32000 32000 32000 32000 32000 32000 32000 32000 32000 283 32000 32000 32000 32000 32000 32000 267 32000 72 32000 32000 140 172 32000 32000 32000 32000 32000 32000 32000 175 32000 32000 32000 32000 32000 32000 157 32000 181 32000 32000 32000 32000 32000 0 
